설곽DEM.asc
ncols        380
nrows        474
xllcorner    933570.000000000000
yllcorner    1944000.000000000000
dx           59.921052631579
dy           60.000000000000
NODATA_value -9999
[rows 252 to 269 of 474, columns 328 to 368 of 380]
221.346343994140625 217.6726837158203125 206.1205291748046875 206.1205291748046875 196.7100067138671875 195.8510894775390625 195.8510894775390625 194.5095672607421875 190.3494415283203125 190.3494415283203125 183.08795166015625 176.5463409423828125 176.5463409423828125 192.9416351318359375 222.321136474609375 222.321136474609375 231.7246246337890625 250.1437835693359375 250.1437835693359375 281.8621826171875 299.72283935546875 299.72283935546875 287.53485107421875 256.361297607421875 256.361297607421875 230.3074798583984375 207.211639404296875 207.211639404296875 188.82305908203125 177.7999267578125 177.7999267578125 167.05389404296875 148.7443695068359375 148.7443695068359375 138.631591796875 153.0634613037109375 153.0634613037109375 167.38299560546875 169.4319610595703125 169.4319610595703125 152.932830810546875
207.642669677734375 206.8609619140625 189.1240692138671875 189.1240692138671875 178.5064239501953125 179.0478363037109375 179.0478363037109375 175.1590118408203125 175.5429840087890625 175.5429840087890625 174.8168182373046875 170.324432373046875 170.324432373046875 186.269500732421875 209.403076171875 209.403076171875 205.33856201171875 208.954925537109375 208.954925537109375 236.7998504638671875 254.0151214599609375 254.0151214599609375 262.93719482421875 262.191986083984375 262.191986083984375 233.4662322998046875 208.945953369140625 208.945953369140625 187.6992645263671875 167.054229736328125 167.054229736328125 148.6955718994140625 137.3042755126953125 137.3042755126953125 121.82897186279296875 124.1126251220703125 124.1126251220703125 147.9536895751953125 150.8195648193359375 150.8195648193359375 145.114715576171875
207.642669677734375 206.8609619140625 189.1240692138671875 189.1240692138671875 178.5064239501953125 179.0478363037109375 179.0478363037109375 175.1590118408203125 175.5429840087890625 175.5429840087890625 174.8168182373046875 170.324432373046875 170.324432373046875 186.269500732421875 209.403076171875 209.403076171875 205.33856201171875 208.954925537109375 208.954925537109375 236.7998504638671875 254.0151214599609375 254.0151214599609375 262.93719482421875 262.191986083984375 262.191986083984375 233.4662322998046875 208.945953369140625 208.945953369140625 187.6992645263671875 167.054229736328125 167.054229736328125 148.6955718994140625 137.3042755126953125 137.3042755126953125 121.82897186279296875 124.1126251220703125 124.1126251220703125 147.9536895751953125 150.8195648193359375 150.8195648193359375 145.114715576171875
191.063079833984375 187.40423583984375 177.0753021240234375 177.0753021240234375 164.048492431640625 160.637359619140625 160.637359619140625 154.074066162109375 162.3098297119140625 162.3098297119140625 164.2751312255859375 158.2135009765625 158.2135009765625 171.249176025390625 183.172760009765625 183.172760009765625 178.0709075927734375 193.205169677734375 193.205169677734375 216.617431640625 238.8393096923828125 238.8393096923828125 256.7103271484375 256.39093017578125 256.39093017578125 224.5032501220703125 190.0308837890625 190.0308837890625 178.841949462890625 163.3936920166015625 163.3936920166015625 134.266082763671875 132.36004638671875 132.36004638671875 121.2436065673828125 114.1847991943359375 114.1847991943359375 129.59161376953125 138.21197509765625 138.21197509765625 127.8536834716796875
185.9138641357421875 173.6199493408203125 160.080474853515625 160.080474853515625 148.9505767822265625 146.20635986328125 146.20635986328125 146.3371429443359375 153.050750732421875 153.050750732421875 150.25262451171875 146.613739013671875 146.613739013671875 153.770416259765625 158.2350311279296875 158.2350311279296875 172.85003662109375 211.7629547119140625 211.7629547119140625 241.7659149169921875 261.56744384765625 261.56744384765625 274.421356201171875 267.88800048828125 267.88800048828125 235.9933929443359375 197.1701812744140625 197.1701812744140625 171.5673828125 143.6270294189453125 143.6270294189453125 125.08905792236328125 119.22412109375 119.22412109375 116.12871551513671875 107.095458984375 107.095458984375 108.09477996826171875 117.6240692138671875 117.6240692138671875 120.38787841796875
185.9138641357421875 173.6199493408203125 160.080474853515625 160.080474853515625 148.9505767822265625 146.20635986328125 146.20635986328125 146.3371429443359375 153.050750732421875 153.050750732421875 150.25262451171875 146.613739013671875 146.613739013671875 153.770416259765625 158.2350311279296875 158.2350311279296875 172.85003662109375 211.7629547119140625 211.7629547119140625 241.7659149169921875 261.56744384765625 261.56744384765625 274.421356201171875 267.88800048828125 267.88800048828125 235.9933929443359375 197.1701812744140625 197.1701812744140625 171.5673828125 143.6270294189453125 143.6270294189453125 125.08905792236328125 119.22412109375 119.22412109375 116.12871551513671875 107.095458984375 107.095458984375 108.09477996826171875 117.6240692138671875 117.6240692138671875 120.38787841796875
182.1008148193359375 166.6270599365234375 153.7119140625 153.7119140625 137.835113525390625 129.6414642333984375 129.6414642333984375 136.84552001953125 144.540283203125 144.540283203125 134.6441192626953125 133.2504730224609375 133.2504730224609375 143.8528289794921875 162.884552001953125 162.884552001953125 189.4976348876953125 216.3364105224609375 216.3364105224609375 241.6942901611328125 262.325103759765625 262.325103759765625 272.888885498046875 250.0511627197265625 250.0511627197265625 213.012237548828125 191.2907257080078125 191.2907257080078125 175.010223388671875 159.15216064453125 159.15216064453125 137.4466400146484375 109.04958343505859375 109.04958343505859375 101.29029083251953125 103.24324798583984375 103.24324798583984375 102.6711578369140625 105.48784637451171875 105.48784637451171875 113.0107269287109375
176.546783447265625 166.3584136962890625 145.388214111328125 145.388214111328125 128.8899383544921875 118.35419464111328125 118.35419464111328125 123.4182586669921875 127.9532623291015625 127.9532623291015625 124.249114990234375 128.0301666259765625 128.0301666259765625 145.1641693115234375 171.7117156982421875 171.7117156982421875 198.919677734375 213.50286865234375 213.50286865234375 216.7953033447265625 242.1400909423828125 242.1400909423828125 267.385650634765625 253.9172210693359375 253.9172210693359375 227.709991455078125 209.2401580810546875 209.2401580810546875 190.26507568359375 170.0109405517578125 170.0109405517578125 140.779693603515625 115.43189239501953125 115.43189239501953125 102.3487548828125 92.78652191162109375 92.78652191162109375 89.5621185302734375 91.2017974853515625 91.2017974853515625 97.13636016845703125
176.546783447265625 166.3584136962890625 145.388214111328125 145.388214111328125 128.8899383544921875 118.35419464111328125 118.35419464111328125 123.4182586669921875 127.9532623291015625 127.9532623291015625 124.249114990234375 128.0301666259765625 128.0301666259765625 145.1641693115234375 171.7117156982421875 171.7117156982421875 198.919677734375 213.50286865234375 213.50286865234375 216.7953033447265625 242.1400909423828125 242.1400909423828125 267.385650634765625 253.9172210693359375 253.9172210693359375 227.709991455078125 209.2401580810546875 209.2401580810546875 190.26507568359375 170.0109405517578125 170.0109405517578125 140.779693603515625 115.43189239501953125 115.43189239501953125 102.3487548828125 92.78652191162109375 92.78652191162109375 89.5621185302734375 91.2017974853515625 91.2017974853515625 97.13636016845703125
155.76611328125 163.3660430908203125 142.89349365234375 142.89349365234375 120.84371185302734375 109.31073760986328125 109.31073760986328125 113.69705963134765625 116.576263427734375 116.576263427734375 116.9906463623046875 121.497314453125 121.497314453125 140.3324127197265625 165.034942626953125 165.034942626953125 183.9004669189453125 193.358245849609375 193.358245849609375 202.6337432861328125 229.0012054443359375 229.0012054443359375 254.715087890625 256.947113037109375 256.947113037109375 238.25469970703125 213.07904052734375 213.07904052734375 193.572174072265625 174.4346771240234375 174.4346771240234375 147.5779876708984375 126.31046295166015625 126.31046295166015625 118.7208709716796875 103.29596710205078125 103.29596710205078125 87.84041595458984375 81.919952392578125 81.919952392578125 84.903656005859375
134.05694580078125 139.0665283203125 125.2025604248046875 125.2025604248046875 111.62274169921875 109.623931884765625 109.623931884765625 116.0485076904296875 118.08089447021484375 118.08089447021484375 121.697967529296875 135.252105712890625 135.252105712890625 149.6417083740234375 151.30084228515625 151.30084228515625 159.4095001220703125 187.387847900390625 187.387847900390625 214.449554443359375 232.6574249267578125 232.6574249267578125 259.63037109375 270.413330078125 270.413330078125 248.4799652099609375 223.3251800537109375 223.3251800537109375 208.2748565673828125 184.14959716796875 184.14959716796875 157.6343841552734375 131.1693267822265625 131.1693267822265625 112.25637054443359375 111.3255462646484375 111.3255462646484375 106.7493896484375 87.75824737548828125 87.75824737548828125 73.689453125
134.05694580078125 139.0665283203125 125.2025604248046875 125.2025604248046875 111.62274169921875 109.623931884765625 109.623931884765625 116.0485076904296875 118.08089447021484375 118.08089447021484375 121.697967529296875 135.252105712890625 135.252105712890625 149.6417083740234375 151.30084228515625 151.30084228515625 159.4095001220703125 187.387847900390625 187.387847900390625 214.449554443359375 232.6574249267578125 232.6574249267578125 259.63037109375 270.413330078125 270.413330078125 248.4799652099609375 223.3251800537109375 223.3251800537109375 208.2748565673828125 184.14959716796875 184.14959716796875 157.6343841552734375 131.1693267822265625 131.1693267822265625 112.25637054443359375 111.3255462646484375 111.3255462646484375 106.7493896484375 87.75824737548828125 87.75824737548828125 73.689453125
111.0302276611328125 109.96245574951171875 103.6232147216796875 103.6232147216796875 102.93827056884765625 114.60897064208984375 114.60897064208984375 133.1194000244140625 146.3868560791015625 146.3868560791015625 137.2049407958984375 137.6309814453125 137.6309814453125 156.950225830078125 161.2618408203125 161.2618408203125 170.3420562744140625 197.6896820068359375 197.6896820068359375 227.4251861572265625 246.864837646484375 246.864837646484375 265.471527099609375 276.212188720703125 276.212188720703125 258.62841796875 233.2193450927734375 233.2193450927734375 215.0328216552734375 193.8536529541015625 193.8536529541015625 161.0411224365234375 134.7475738525390625 134.7475738525390625 127.97687530517578125 124.77797698974609375 124.77797698974609375 113.95784759521484375 97.47888946533203125 97.47888946533203125 83.89469146728515625
92.11766815185546875 94.84552764892578125 95.6620635986328125 95.6620635986328125 104.5543060302734375 117.23538970947265625 117.23538970947265625 136.3915252685546875 165.136138916015625 165.136138916015625 156.5936126708984375 144.34942626953125 144.34942626953125 171.1744232177734375 192.0549774169921875 192.0549774169921875 186.373992919921875 196.6983184814453125 196.6983184814453125 219.12188720703125 238.298675537109375 238.298675537109375 265.10833740234375 275.510711669921875 275.510711669921875 253.7609100341796875 231.0237274169921875 231.0237274169921875 211.8899688720703125 184.5514678955078125 184.5514678955078125 163.178558349609375 146.8783721923828125 146.8783721923828125 132.1077728271484375 112.904205322265625 112.904205322265625 102.57306671142578125 98.00185394287109375 98.00185394287109375 95.159576416015625
92.11766815185546875 94.84552764892578125 95.6620635986328125 95.6620635986328125 104.5543060302734375 117.23538970947265625 117.23538970947265625 136.3915252685546875 165.136138916015625 165.136138916015625 156.5936126708984375 144.34942626953125 144.34942626953125 171.1744232177734375 192.0549774169921875 192.0549774169921875 186.373992919921875 196.6983184814453125 196.6983184814453125 219.12188720703125 238.298675537109375 238.298675537109375 265.10833740234375 275.510711669921875 275.510711669921875 253.7609100341796875 231.0237274169921875 231.0237274169921875 211.8899688720703125 184.5514678955078125 184.5514678955078125 163.178558349609375 146.8783721923828125 146.8783721923828125 132.1077728271484375 112.904205322265625 112.904205322265625 102.57306671142578125 98.00185394287109375 98.00185394287109375 95.159576416015625
94.35577392578125 102.16060638427734375 107.4984588623046875 107.4984588623046875 117.6822967529296875 134.7564544677734375 134.7564544677734375 144.5159912109375 168.71795654296875 168.71795654296875 171.9604339599609375 153.187530517578125 153.187530517578125 172.2071075439453125 202.66339111328125 202.66339111328125 202.728729248046875 215.391571044921875 215.391571044921875 234.7881011962890625 242.4960174560546875 242.4960174560546875 267.147308349609375 291.128692626953125 291.128692626953125 272.721893310546875 238.195648193359375 238.195648193359375 214.31781005859375 187.45562744140625 187.45562744140625 169.694000244140625 157.439605712890625 157.439605712890625 140.0820770263671875 125.0783233642578125 125.0783233642578125 125.70030975341796875 115.60528564453125 115.60528564453125 97.287567138671875
110.51003265380859375 128.185302734375 143.6170654296875 143.6170654296875 158.771270751953125 167.17340087890625 167.17340087890625 159.1418609619140625 173.5094451904296875 173.5094451904296875 186.9965057373046875 173.8043365478515625 173.8043365478515625 183.411895751953125 217.751800537109375 217.751800537109375 219.7790679931640625 233.256011962890625 233.256011962890625 268.13140869140625 267.33343505859375 267.33343505859375 268.213897705078125 293.16748046875 293.16748046875 287.3609619140625 258.120758056640625 258.120758056640625 227.7010955810546875 205.1128997802734375 205.1128997802734375 185.551513671875 154.4150543212890625 154.4150543212890625 134.7811737060546875 134.376678466796875 134.376678466796875 130.011077880859375 119.925262451171875 119.925262451171875 111.24095916748046875
110.51003265380859375 128.185302734375 143.6170654296875 143.6170654296875 158.771270751953125 167.17340087890625 167.17340087890625 159.1418609619140625 173.5094451904296875 173.5094451904296875 186.9965057373046875 173.8043365478515625 173.8043365478515625 183.411895751953125 217.751800537109375 217.751800537109375 219.7790679931640625 233.256011962890625 233.256011962890625 268.13140869140625 267.33343505859375 267.33343505859375 268.213897705078125 293.16748046875 293.16748046875 287.3609619140625 258.120758056640625 258.120758056640625 227.7010955810546875 205.1128997802734375 205.1128997802734375 185.551513671875 154.4150543212890625 154.4150543212890625 134.7811737060546875 134.376678466796875 134.376678466796875 130.011077880859375 119.925262451171875 119.925262451171875 111.24095916748046875
