설곽DEM.asc
ncols        380
nrows        474
xllcorner    933570.000000000000
yllcorner    1944000.000000000000
dx           59.921052631579
dy           60.000000000000
NODATA_value -9999
[rows 90 to 107 of 474, columns 205 to 245 of 380]
117.52011871337890625 112.80489349365234375 114.523590087890625 114.523590087890625 134.4115142822265625 170.972381591796875 170.972381591796875 176.315399169921875 160.6172943115234375 160.6172943115234375 128.5975341796875 108.122161865234375 108.122161865234375 102.04286956787109375 98.02188873291015625 98.02188873291015625 81.95777130126953125 75.09073638916015625 75.09073638916015625 59.88763427734375 54.06523895263671875 54.06523895263671875 53.444454193115234375 52.597461700439453125 52.597461700439453125 51.9494171142578125 52.196075439453125 52.196075439453125 56.285221099853515625 66.62102508544921875 66.62102508544921875 84.414703369140625 113.82703399658203125 113.82703399658203125 138.684844970703125 134.1347503662109375 134.1347503662109375 114.31233978271484375 104.58084869384765625 104.58084869384765625 118.97974395751953125
105.53223419189453125 100.9475555419921875 113.48987579345703125 113.48987579345703125 138.1990814208984375 172.039794921875 172.039794921875 172.6228179931640625 147.5850372314453125 147.5850372314453125 122.998077392578125 109.9437713623046875 109.9437713623046875 110.1251983642578125 102.4129791259765625 102.4129791259765625 91.5535125732421875 85.32794952392578125 85.32794952392578125 59.358875274658203125 52.382266998291015625 52.382266998291015625 52.42749786376953125 51.765262603759765625 51.765262603759765625 51.311248779296875 51.871036529541015625 51.871036529541015625 57.84137725830078125 67.45644378662109375 67.45644378662109375 86.311065673828125 113.24623870849609375 113.24623870849609375 133.7127227783203125 118.32382965087890625 118.32382965087890625 104.10024261474609375 96.31378936767578125 96.31378936767578125 106.00208282470703125
105.53223419189453125 100.9475555419921875 113.48987579345703125 113.48987579345703125 138.1990814208984375 172.039794921875 172.039794921875 172.6228179931640625 147.5850372314453125 147.5850372314453125 122.998077392578125 109.9437713623046875 109.9437713623046875 110.1251983642578125 102.4129791259765625 102.4129791259765625 91.5535125732421875 85.32794952392578125 85.32794952392578125 59.358875274658203125 52.382266998291015625 52.382266998291015625 52.42749786376953125 51.765262603759765625 51.765262603759765625 51.311248779296875 51.871036529541015625 51.871036529541015625 57.84137725830078125 67.45644378662109375 67.45644378662109375 86.311065673828125 113.24623870849609375 113.24623870849609375 133.7127227783203125 118.32382965087890625 118.32382965087890625 104.10024261474609375 96.31378936767578125 96.31378936767578125 106.00208282470703125
92.75228118896484375 104.74707794189453125 125.8292083740234375 125.8292083740234375 152.694580078125 165.052581787109375 165.052581787109375 157.57537841796875 137.497222900390625 137.497222900390625 116.4187469482421875 102.09636688232421875 102.09636688232421875 102.2384796142578125 102.209869384765625 102.209869384765625 99.70191192626953125 88.70232391357421875 88.70232391357421875 61.457118988037109375 51.507221221923828125 51.507221221923828125 51.210857391357421875 50.793041229248046875 50.793041229248046875 50.904903411865234375 51.237972259521484375 51.237972259521484375 57.684513092041015625 70.10482025146484375 70.10482025146484375 85.99224090576171875 113.973541259765625 113.973541259765625 133.2190093994140625 120.05776214599609375 120.05776214599609375 106.267486572265625 94.1538543701171875 94.1538543701171875 94.09003448486328125
95.2419891357421875 111.76451873779296875 127.6714019775390625 127.6714019775390625 156.076324462890625 150.2659912109375 150.2659912109375 128.258026123046875 119.57712554931640625 119.57712554931640625 108.7324981689453125 93.73886871337890625 93.73886871337890625 88.13459014892578125 90.16283416748046875 90.16283416748046875 84.68259429931640625 74.9560699462890625 74.9560699462890625 59.0225067138671875 50.24634552001953125 50.24634552001953125 49.912197113037109375 49.703899383544921875 49.703899383544921875 49.844879150390625 50.117794036865234375 50.117794036865234375 56.9184722900390625 79.2100830078125 79.2100830078125 91.08182525634765625 111.94664764404296875 111.94664764404296875 127.63520050048828125 125.5605926513671875 125.5605926513671875 112.91503143310546875 99.1533660888671875 99.1533660888671875 88.07390594482421875
95.2419891357421875 111.76451873779296875 127.6714019775390625 127.6714019775390625 156.076324462890625 150.2659912109375 150.2659912109375 128.258026123046875 119.57712554931640625 119.57712554931640625 108.7324981689453125 93.73886871337890625 93.73886871337890625 88.13459014892578125 90.16283416748046875 90.16283416748046875 84.68259429931640625 74.9560699462890625 74.9560699462890625 59.0225067138671875 50.24634552001953125 50.24634552001953125 49.912197113037109375 49.703899383544921875 49.703899383544921875 49.844879150390625 50.117794036865234375 50.117794036865234375 56.9184722900390625 79.2100830078125 79.2100830078125 91.08182525634765625 111.94664764404296875 111.94664764404296875 127.63520050048828125 125.5605926513671875 125.5605926513671875 112.91503143310546875 99.1533660888671875 99.1533660888671875 88.07390594482421875
100.89374542236328125 105.2334136962890625 122.35930633544921875 122.35930633544921875 135.6129150390625 123.56952667236328125 123.56952667236328125 100.98931121826171875 95.99394989013671875 95.99394989013671875 94.713653564453125 84.562255859375 84.562255859375 83.984619140625 81.4595184326171875 81.4595184326171875 71.6889495849609375 61.44135284423828125 61.44135284423828125 54.102184295654296875 48.851985931396484375 48.851985931396484375 48.707263946533203125 49.564571380615234375 49.564571380615234375 49.11263275146484375 50.63101959228515625 50.63101959228515625 62.035289764404296875 83.75040435791015625 83.75040435791015625 101.4521331787109375 113.5583953857421875 113.5583953857421875 117.3207244873046875 118.3909454345703125 118.3909454345703125 107.61708831787109375 103.87298583984375 103.87298583984375 91.879791259765625
89.10538482666015625 88.48566436767578125 108.9767303466796875 108.9767303466796875 113.34603118896484375 99.531341552734375 99.531341552734375 86.68703460693359375 81.715576171875 81.715576171875 78.78493499755859375 72.34694671630859375 72.34694671630859375 78.73519134521484375 83.75160980224609375 83.75160980224609375 74.11186981201171875 59.515869140625 59.515869140625 53.96169281005859375 48.03881072998046875 48.03881072998046875 46.491489410400390625 48.767520904541015625 48.767520904541015625 49.04331207275390625 61.100368499755859375 61.100368499755859375 77.303924560546875 91.9673919677734375 91.9673919677734375 109.8554534912109375 111.4196929931640625 111.4196929931640625 104.07733917236328125 104.93042755126953125 104.93042755126953125 94.71979522705078125 97.9856719970703125 97.9856719970703125 86.5168304443359375
89.10538482666015625 88.48566436767578125 108.9767303466796875 108.9767303466796875 113.34603118896484375 99.531341552734375 99.531341552734375 86.68703460693359375 81.715576171875 81.715576171875 78.78493499755859375 72.34694671630859375 72.34694671630859375 78.73519134521484375 83.75160980224609375 83.75160980224609375 74.11186981201171875 59.515869140625 59.515869140625 53.96169281005859375 48.03881072998046875 48.03881072998046875 46.491489410400390625 48.767520904541015625 48.767520904541015625 49.04331207275390625 61.100368499755859375 61.100368499755859375 77.303924560546875 91.9673919677734375 91.9673919677734375 109.8554534912109375 111.4196929931640625 111.4196929931640625 104.07733917236328125 104.93042755126953125 104.93042755126953125 94.71979522705078125 97.9856719970703125 97.9856719970703125 86.5168304443359375
74.33072662353515625 77.43167877197265625 88.40088653564453125 88.40088653564453125 99.68083953857421875 93.696136474609375 93.696136474609375 82.58100128173828125 76.390594482421875 76.390594482421875 69.758880615234375 63.99175262451171875 63.99175262451171875 70.97028350830078125 82.61811065673828125 82.61811065673828125 78.155609130859375 60.62322998046875 60.62322998046875 51.638172149658203125 47.248683929443359375 47.248683929443359375 45.55184173583984375 47.60796356201171875 47.60796356201171875 48.76216888427734375 75.377349853515625 75.377349853515625 104.49370574951171875 122.43621063232421875 122.43621063232421875 117.73846435546875 106.02956390380859375 106.02956390380859375 92.7386932373046875 97.697174072265625 97.697174072265625 86.0323333740234375 83.66164398193359375 83.66164398193359375 75.008331298828125
78.4191436767578125 79.870574951171875 81.969390869140625 81.969390869140625 97.73462677001953125 95.7071685791015625 95.7071685791015625 83.9591827392578125 77.837799072265625 77.837799072265625 66.52176666259765625 58.84893035888671875 58.84893035888671875 61.091709136962890625 76.02950286865234375 76.02950286865234375 72.50043487548828125 54.97779083251953125 54.97779083251953125 47.104644775390625 45.9199371337890625 45.9199371337890625 46.356021881103515625 47.18236541748046875 47.18236541748046875 57.48485565185546875 89.49784088134765625 89.49784088134765625 128.3902587890625 139.28125 139.28125 117.51712799072265625 100.31153106689453125 100.31153106689453125 85.94286346435546875 91.52396392822265625 91.52396392822265625 88.4547119140625 75.5232391357421875 75.5232391357421875 69.71828460693359375
78.4191436767578125 79.870574951171875 81.969390869140625 81.969390869140625 97.73462677001953125 95.7071685791015625 95.7071685791015625 83.9591827392578125 77.837799072265625 77.837799072265625 66.52176666259765625 58.84893035888671875 58.84893035888671875 61.091709136962890625 76.02950286865234375 76.02950286865234375 72.50043487548828125 54.97779083251953125 54.97779083251953125 47.104644775390625 45.9199371337890625 45.9199371337890625 46.356021881103515625 47.18236541748046875 47.18236541748046875 57.48485565185546875 89.49784088134765625 89.49784088134765625 128.3902587890625 139.28125 139.28125 117.51712799072265625 100.31153106689453125 100.31153106689453125 85.94286346435546875 91.52396392822265625 91.52396392822265625 88.4547119140625 75.5232391357421875 75.5232391357421875 69.71828460693359375
93.145843505859375 90.81946563720703125 92.1956634521484375 92.1956634521484375 104.537017822265625 103.07993316650390625 103.07993316650390625 92.44506072998046875 76.94122314453125 76.94122314453125 66.8575592041015625 58.818572998046875 58.818572998046875 53.315494537353515625 59.881420135498046875 59.881420135498046875 56.65111541748046875 47.611385345458984375 47.611385345458984375 45.022434234619140625 43.762187957763671875 43.762187957763671875 45.77930450439453125 46.430393218994140625 46.430393218994140625 62.769214630126953125 93.1661529541015625 93.1661529541015625 130.4144439697265625 128.289093017578125 128.289093017578125 111.002044677734375 90.48380279541015625 90.48380279541015625 81.09804534912109375 79.95589447021484375 79.95589447021484375 82.9239501953125 73.84037017822265625 73.84037017822265625 68.21074676513671875
103.18732452392578125 107.739013671875 109.501617431640625 109.501617431640625 119.1466522216796875 116.9466705322265625 116.9466705322265625 101.23607635498046875 84.46747589111328125 84.46747589111328125 75.32772064208984375 62.527019500732421875 62.527019500732421875 54.57070159912109375 48.802814483642578125 48.802814483642578125 47.237949371337890625 45.103118896484375 45.103118896484375 45.52036285400390625 44.1728973388671875 44.1728973388671875 44.81591796875 45.573345184326171875 45.573345184326171875 60.494472503662109375 91.1876983642578125 91.1876983642578125 121.34372711181640625 113.37563323974609375 113.37563323974609375 108.4702911376953125 96.9666900634765625 96.9666900634765625 91.7958831787109375 80.27339935302734375 80.27339935302734375 72.834014892578125 69.95177459716796875 69.95177459716796875 67.396392822265625
103.18732452392578125 107.739013671875 109.501617431640625 109.501617431640625 119.1466522216796875 116.9466705322265625 116.9466705322265625 101.23607635498046875 84.46747589111328125 84.46747589111328125 75.32772064208984375 62.527019500732421875 62.527019500732421875 54.57070159912109375 48.802814483642578125 48.802814483642578125 47.237949371337890625 45.103118896484375 45.103118896484375 45.52036285400390625 44.1728973388671875 44.1728973388671875 44.81591796875 45.573345184326171875 45.573345184326171875 60.494472503662109375 91.1876983642578125 91.1876983642578125 121.34372711181640625 113.37563323974609375 113.37563323974609375 108.4702911376953125 96.9666900634765625 96.9666900634765625 91.7958831787109375 80.27339935302734375 80.27339935302734375 72.834014892578125 69.95177459716796875 69.95177459716796875 67.396392822265625
115.982696533203125 129.403167724609375 130.1083526611328125 130.1083526611328125 136.9040679931640625 125.46422576904296875 125.46422576904296875 103.16754913330078125 99.684539794921875 99.684539794921875 85.93743896484375 73.26715087890625 73.26715087890625 69.49028778076171875 59.8330841064453125 59.8330841064453125 47.321559906005859375 43.601039886474609375 43.601039886474609375 44.877002716064453125 44.06655120849609375 44.06655120849609375 44.32868194580078125 45.25904083251953125 45.25904083251953125 75.2743682861328125 98.48378753662109375 98.48378753662109375 108.0489349365234375 100.19366455078125 100.19366455078125 97.62424468994140625 99.48229217529296875 99.48229217529296875 97.2944488525390625 81.71811676025390625 81.71811676025390625 68.959136962890625 65.01996612548828125 65.01996612548828125 70.193603515625
131.2811737060546875 143.5758209228515625 141.9474334716796875 141.9474334716796875 146.2120208740234375 127.7724456787109375 127.7724456787109375 113.03847503662109375 110.199859619140625 110.199859619140625 101.03459930419921875 91.41205596923828125 91.41205596923828125 83.23633575439453125 69.445556640625 69.445556640625 54.145923614501953125 43.1366729736328125 43.1366729736328125 42.314365386962890625 41.827327728271484375 41.827327728271484375 43.98944091796875 57.340435028076171875 57.340435028076171875 93.16051483154296875 107.08734893798828125 107.08734893798828125 102.854736328125 91.8329315185546875 91.8329315185546875 84.83400726318359375 86.9983062744140625 86.9983062744140625 89.5230865478515625 73.75144195556640625 73.75144195556640625 65.14667510986328125 62.478931427001953125 62.478931427001953125 74.20304107666015625
131.2811737060546875 143.5758209228515625 141.9474334716796875 141.9474334716796875 146.2120208740234375 127.7724456787109375 127.7724456787109375 113.03847503662109375 110.199859619140625 110.199859619140625 101.03459930419921875 91.41205596923828125 91.41205596923828125 83.23633575439453125 69.445556640625 69.445556640625 54.145923614501953125 43.1366729736328125 43.1366729736328125 42.314365386962890625 41.827327728271484375 41.827327728271484375 43.98944091796875 57.340435028076171875 57.340435028076171875 93.16051483154296875 107.08734893798828125 107.08734893798828125 102.854736328125 91.8329315185546875 91.8329315185546875 84.83400726318359375 86.9983062744140625 86.9983062744140625 89.5230865478515625 73.75144195556640625 73.75144195556640625 65.14667510986328125 62.478931427001953125 62.478931427001953125 74.20304107666015625
