설곽DEM.asc
ncols        380
nrows        474
xllcorner    933570.000000000000
yllcorner    1944000.000000000000
dx           59.921052631579
dy           60.000000000000
NODATA_value -9999
[rows 54 to 71 of 474, columns 287 to 327 of 380]
109.86138916015625 108.152130126953125 108.152130126953125 99.77234649658203125 95.935699462890625 95.935699462890625 93.772552490234375 94.1932525634765625 94.1932525634765625 107.53804779052734375 136.92236328125 136.92236328125 166.310943603515625 161.6175079345703125 161.6175079345703125 151.3614044189453125 141.49530029296875 141.49530029296875 140.5737152099609375 145.942718505859375 145.942718505859375 148.226165771484375 141.9115447998046875 141.9115447998046875 137.9326019287109375 137.43017578125 137.43017578125 141.6966400146484375 146.5524749755859375 146.5524749755859375 162.74591064453125 188.7367095947265625 188.7367095947265625 222.6649169921875 221.1026611328125 221.1026611328125 199.404754638671875 169.9796600341796875 169.9796600341796875 150.5028839111328125 136.117462158203125
94.267852783203125 91.959808349609375 91.959808349609375 92.00637054443359375 90.8626251220703125 90.8626251220703125 90.563446044921875 107.7300567626953125 107.7300567626953125 134.824981689453125 145.6164093017578125 145.6164093017578125 138.9841461181640625 130.243011474609375 130.243011474609375 123.5979461669921875 123.30693817138671875 123.30693817138671875 128.057769775390625 128.30914306640625 128.30914306640625 129.21575927734375 126.50991058349609375 126.50991058349609375 123.39715576171875 130.6315460205078125 130.6315460205078125 141.1100006103515625 154.1977691650390625 154.1977691650390625 172.470550537109375 202.645050048828125 202.645050048828125 239.7382354736328125 241.90655517578125 241.90655517578125 217.975433349609375 183.6330108642578125 183.6330108642578125 164.3801422119140625 142.93084716796875
94.267852783203125 91.959808349609375 91.959808349609375 92.00637054443359375 90.8626251220703125 90.8626251220703125 90.563446044921875 107.7300567626953125 107.7300567626953125 134.824981689453125 145.6164093017578125 145.6164093017578125 138.9841461181640625 130.243011474609375 130.243011474609375 123.5979461669921875 123.30693817138671875 123.30693817138671875 128.057769775390625 128.30914306640625 128.30914306640625 129.21575927734375 126.50991058349609375 126.50991058349609375 123.39715576171875 130.6315460205078125 130.6315460205078125 141.1100006103515625 154.1977691650390625 154.1977691650390625 172.470550537109375 202.645050048828125 202.645050048828125 239.7382354736328125 241.90655517578125 241.90655517578125 217.975433349609375 183.6330108642578125 183.6330108642578125 164.3801422119140625 142.93084716796875
91.34061431884765625 90.7865142822265625 90.7865142822265625 90.69538116455078125 90.53447723388671875 90.53447723388671875 101.83655548095703125 123.68802642822265625 123.68802642822265625 126.7590484619140625 125.01248931884765625 125.01248931884765625 120.271759033203125 115.2397613525390625 115.2397613525390625 113.6318817138671875 116.59288787841796875 116.59288787841796875 120.51300048828125 118.5640411376953125 118.5640411376953125 118.20892333984375 118.28266143798828125 118.28266143798828125 127.1015777587890625 138.686859130859375 138.686859130859375 152.8179168701171875 168.8882598876953125 168.8882598876953125 193.2640838623046875 215.3724212646484375 215.3724212646484375 246.1050567626953125 258.090179443359375 258.090179443359375 232.93609619140625 193.155975341796875 193.155975341796875 162.80621337890625 143.1683197021484375
89.18491363525390625 88.67840576171875 88.67840576171875 88.601959228515625 103.500946044921875 103.500946044921875 127.21132659912109375 130.58514404296875 130.58514404296875 113.2004241943359375 106.33031463623046875 106.33031463623046875 104.5599212646484375 107.55481719970703125 107.55481719970703125 114.6561279296875 114.097900390625 114.097900390625 113.2637481689453125 112.2039947509765625 112.2039947509765625 113.51050567626953125 118.61092376708984375 118.61092376708984375 136.225372314453125 156.8987884521484375 156.8987884521484375 174.901092529296875 189.8618011474609375 189.8618011474609375 207.0267791748046875 232.57476806640625 232.57476806640625 260.547515869140625 262.003875732421875 262.003875732421875 232.4666900634765625 195.126800537109375 195.126800537109375 165.551239013671875 150.01715087890625
89.18491363525390625 88.67840576171875 88.67840576171875 88.601959228515625 103.500946044921875 103.500946044921875 127.21132659912109375 130.58514404296875 130.58514404296875 113.2004241943359375 106.33031463623046875 106.33031463623046875 104.5599212646484375 107.55481719970703125 107.55481719970703125 114.6561279296875 114.097900390625 114.097900390625 113.2637481689453125 112.2039947509765625 112.2039947509765625 113.51050567626953125 118.61092376708984375 118.61092376708984375 136.225372314453125 156.8987884521484375 156.8987884521484375 174.901092529296875 189.8618011474609375 189.8618011474609375 207.0267791748046875 232.57476806640625 232.57476806640625 260.547515869140625 262.003875732421875 262.003875732421875 232.4666900634765625 195.126800537109375 195.126800537109375 165.551239013671875 150.01715087890625
88.0377044677734375 86.70821380615234375 86.70821380615234375 93.5052642822265625 120.00244903564453125 120.00244903564453125 148.2747955322265625 128.5074920654296875 128.5074920654296875 101.880950927734375 96.63360595703125 96.63360595703125 100.8302001953125 110.01210784912109375 110.01210784912109375 122.00274658203125 115.470489501953125 115.470489501953125 110.0301666259765625 111.61370086669921875 111.61370086669921875 117.811859130859375 126.294158935546875 126.294158935546875 144.679931640625 171.4671630859375 171.4671630859375 196.539398193359375 213.3603515625 213.3603515625 225.7130584716796875 240.8787078857421875 240.8787078857421875 248.915557861328125 237.1404266357421875 237.1404266357421875 221.6650543212890625 194.109405517578125 194.109405517578125 163.3861083984375 139.728240966796875
86.2722015380859375 85.905731201171875 85.905731201171875 104.95092010498046875 132.20037841796875 132.20037841796875 147.1170196533203125 122.19435882568359375 122.19435882568359375 97.67975616455078125 95.8441619873046875 95.8441619873046875 97.46466064453125 100.79102325439453125 100.79102325439453125 111.81630706787109375 110.25533294677734375 110.25533294677734375 106.9246826171875 114.96656036376953125 114.96656036376953125 122.6107635498046875 128.4261474609375 128.4261474609375 144.84136962890625 171.962921142578125 171.962921142578125 203.3287811279296875 226.217864990234375 226.217864990234375 244.9580078125 248.25823974609375 248.25823974609375 231.3372344970703125 214.4562225341796875 214.4562225341796875 189.79632568359375 167.6020965576171875 167.6020965576171875 158.89251708984375 140.17242431640625
86.2722015380859375 85.905731201171875 85.905731201171875 104.95092010498046875 132.20037841796875 132.20037841796875 147.1170196533203125 122.19435882568359375 122.19435882568359375 97.67975616455078125 95.8441619873046875 95.8441619873046875 97.46466064453125 100.79102325439453125 100.79102325439453125 111.81630706787109375 110.25533294677734375 110.25533294677734375 106.9246826171875 114.96656036376953125 114.96656036376953125 122.6107635498046875 128.4261474609375 128.4261474609375 144.84136962890625 171.962921142578125 171.962921142578125 203.3287811279296875 226.217864990234375 226.217864990234375 244.9580078125 248.25823974609375 248.25823974609375 231.3372344970703125 214.4562225341796875 214.4562225341796875 189.79632568359375 167.6020965576171875 167.6020965576171875 158.89251708984375 140.17242431640625
84.32204437255859375 85.18535614013671875 85.18535614013671875 115.91342926025390625 159.677520751953125 159.677520751953125 146.4273529052734375 125.69489288330078125 125.69489288330078125 101.3253326416015625 98.56243896484375 98.56243896484375 102.431793212890625 100.958892822265625 100.958892822265625 101.09934234619140625 103.44521331787109375 103.44521331787109375 106.72217559814453125 112.94193267822265625 112.94193267822265625 117.90874481201171875 125.09383392333984375 125.09383392333984375 143.026611328125 168.67620849609375 168.67620849609375 187.97161865234375 205.2604217529296875 205.2604217529296875 234.1185150146484375 242.001251220703125 242.001251220703125 228.1921234130859375 201.5511474609375 201.5511474609375 168.364776611328125 150.082244873046875 150.082244873046875 139.140411376953125 120.50283050537109375
81.4837493896484375 88.83332061767578125 88.83332061767578125 119.48642730712890625 161.6632843017578125 161.6632843017578125 167.6962432861328125 141.939727783203125 141.939727783203125 112.98223114013671875 96.8981781005859375 96.8981781005859375 104.78214263916015625 107.3316802978515625 107.3316802978515625 101.8029937744140625 100.49010467529296875 100.49010467529296875 110.525146484375 122.499969482421875 122.499969482421875 126.27928924560546875 126.4483184814453125 126.4483184814453125 142.326934814453125 156.451507568359375 156.451507568359375 162.2397918701171875 183.4722442626953125 183.4722442626953125 205.3028717041015625 206.8225555419921875 206.8225555419921875 198.7010345458984375 177.0899658203125 177.0899658203125 153.8487701416015625 136.979705810546875 136.979705810546875 120.42603302001953125 111.0257415771484375
81.4837493896484375 88.83332061767578125 88.83332061767578125 119.48642730712890625 161.6632843017578125 161.6632843017578125 167.6962432861328125 141.939727783203125 141.939727783203125 112.98223114013671875 96.8981781005859375 96.8981781005859375 104.78214263916015625 107.3316802978515625 107.3316802978515625 101.8029937744140625 100.49010467529296875 100.49010467529296875 110.525146484375 122.499969482421875 122.499969482421875 126.27928924560546875 126.4483184814453125 126.4483184814453125 142.326934814453125 156.451507568359375 156.451507568359375 162.2397918701171875 183.4722442626953125 183.4722442626953125 205.3028717041015625 206.8225555419921875 206.8225555419921875 198.7010345458984375 177.0899658203125 177.0899658203125 153.8487701416015625 136.979705810546875 136.979705810546875 120.42603302001953125 111.0257415771484375
82.91829681396484375 102.24781036376953125 102.24781036376953125 122.8045196533203125 160.0426483154296875 160.0426483154296875 196.9481048583984375 174.9423828125 174.9423828125 133.8783721923828125 99.82540130615234375 99.82540130615234375 93.655731201171875 98.134185791015625 98.134185791015625 105.0587005615234375 99.72021484375 99.72021484375 114.5876922607421875 126.90081787109375 126.90081787109375 135.015869140625 130.854156494140625 130.854156494140625 126.21337127685546875 128.96954345703125 128.96954345703125 135.9358367919921875 161.977630615234375 161.977630615234375 164.81103515625 164.8804168701171875 164.8804168701171875 161.2381439208984375 147.7741241455078125 147.7741241455078125 136.111968994140625 122.57332611083984375 122.57332611083984375 112.22119903564453125 111.45450592041015625
99.5399932861328125 122.37291717529296875 122.37291717529296875 143.0042724609375 171.81396484375 171.81396484375 212.04364013671875 192.439788818359375 192.439788818359375 152.479217529296875 113.97168731689453125 113.97168731689453125 96.4127044677734375 94.34345245361328125 94.34345245361328125 103.76798248291015625 104.247314453125 104.247314453125 105.5029296875 111.75086212158203125 111.75086212158203125 113.12366485595703125 112.68640899658203125 112.68640899658203125 109.66211700439453125 108.4248809814453125 108.4248809814453125 112.5228271484375 125.50749969482421875 125.50749969482421875 128.7120208740234375 130.72705078125 130.72705078125 130.0544586181640625 129.6165008544921875 129.6165008544921875 122.83789825439453125 116.38592529296875 116.38592529296875 108.19483184814453125 109.51763916015625
99.5399932861328125 122.37291717529296875 122.37291717529296875 143.0042724609375 171.81396484375 171.81396484375 212.04364013671875 192.439788818359375 192.439788818359375 152.479217529296875 113.97168731689453125 113.97168731689453125 96.4127044677734375 94.34345245361328125 94.34345245361328125 103.76798248291015625 104.247314453125 104.247314453125 105.5029296875 111.75086212158203125 111.75086212158203125 113.12366485595703125 112.68640899658203125 112.68640899658203125 109.66211700439453125 108.4248809814453125 108.4248809814453125 112.5228271484375 125.50749969482421875 125.50749969482421875 128.7120208740234375 130.72705078125 130.72705078125 130.0544586181640625 129.6165008544921875 129.6165008544921875 122.83789825439453125 116.38592529296875 116.38592529296875 108.19483184814453125 109.51763916015625
119.55423736572265625 148.4942169189453125 148.4942169189453125 169.9178009033203125 200.7235260009765625 200.7235260009765625 220.9688873291015625 209.742218017578125 209.742218017578125 180.2347564697265625 134.279327392578125 134.279327392578125 102.30975341796875 93.6389617919921875 93.6389617919921875 93.26509857177734375 112.43851470947265625 112.43851470947265625 109.4905242919921875 103.7042694091796875 103.7042694091796875 102.91357421875 104.40563201904296875 104.40563201904296875 107.9411468505859375 108.559539794921875 108.559539794921875 107.40917205810546875 106.42948150634765625 106.42948150634765625 107.987548828125 112.19087982177734375 112.19087982177734375 112.85799407958984375 116.75339508056640625 116.75339508056640625 120.3332061767578125 115.16165924072265625 115.16165924072265625 107.43560028076171875 108.59850311279296875
125.66526031494140625 163.662841796875 163.662841796875 184.0767974853515625 205.17523193359375 205.17523193359375 197.8740234375 183.906219482421875 183.906219482421875 162.407562255859375 136.0196533203125 136.0196533203125 111.85149383544921875 95.52025604248046875 95.52025604248046875 91.6038055419921875 101.478759765625 101.478759765625 119.01586151123046875 117.875152587890625 117.875152587890625 119.36708831787109375 118.96967315673828125 118.96967315673828125 119.57684326171875 120.482757568359375 120.482757568359375 119.615875244140625 110.430389404296875 110.430389404296875 107.7607269287109375 107.36956024169921875 107.36956024169921875 106.29375457763671875 109.0909881591796875 109.0909881591796875 109.97319793701171875 110.6226806640625 110.6226806640625 110.25518035888671875 110.16361236572265625
125.66526031494140625 163.662841796875 163.662841796875 184.0767974853515625 205.17523193359375 205.17523193359375 197.8740234375 183.906219482421875 183.906219482421875 162.407562255859375 136.0196533203125 136.0196533203125 111.85149383544921875 95.52025604248046875 95.52025604248046875 91.6038055419921875 101.478759765625 101.478759765625 119.01586151123046875 117.875152587890625 117.875152587890625 119.36708831787109375 118.96967315673828125 118.96967315673828125 119.57684326171875 120.482757568359375 120.482757568359375 119.615875244140625 110.430389404296875 110.430389404296875 107.7607269287109375 107.36956024169921875 107.36956024169921875 106.29375457763671875 109.0909881591796875 109.0909881591796875 109.97319793701171875 110.6226806640625 110.6226806640625 110.25518035888671875 110.16361236572265625
