설곽DEM.asc
ncols        380
nrows        474
xllcorner    933570.000000000000
yllcorner    1944000.000000000000
dx           59.921052631579
dy           60.000000000000
NODATA_value -9999
[rows 450 to 467 of 474, columns 164 to 204 of 380]
12.968349456787109375 12.781648635864257812 12.781648635864257812 12.093291282653808594 14.449595451354980469 14.449595451354980469 14.0046539306640625 15.905604362487792969 15.905604362487792969 26.6572113037109375 46.45995330810546875 46.45995330810546875 60.126087188720703125 61.874927520751953125 61.874927520751953125 49.88553619384765625 25.55753326416015625 25.55753326416015625 12.556082725524902344 4.6124258041381835938 4.6124258041381835938 8.3614110946655273438 12.753711700439453125 12.753711700439453125 8.5778589248657226562 8.8207149505615234375 8.8207149505615234375 8.4215860366821289062 9.0818948745727539062 9.0818948745727539062 9.4416866302490234375 10.020524024963378906 10.020524024963378906 9.8620042800903320312 9.3485097885131835938 9.3485097885131835938 8.3149919509887695312 8.88619232177734375 8.88619232177734375 7.3892264366149902344 11.61156463623046875
12.83319854736328125 12.807858467102050781 12.807858467102050781 13.809336662292480469 17.824331283569335938 17.824331283569335938 23.718893051147460938 21.93639373779296875 21.93639373779296875 24.42066192626953125 35.50701141357421875 35.50701141357421875 38.911281585693359375 37.349491119384765625 37.349491119384765625 34.079074859619140625 16.261510848999023438 16.261510848999023438 8.6535291671752929688 4.5805563926696777344 4.5805563926696777344 8.6309900283813476562 9.4285001754760742188 9.4285001754760742188 8.755046844482421875 8.1731653213500976562 8.1731653213500976562 8.33199310302734375 9.6982507705688476562 9.6982507705688476562 10.061692237854003906 9.9303226470947265625 9.9303226470947265625 9.9847707748413085938 9.5108003616333007812 9.5108003616333007812 9.261951446533203125 10.640491485595703125 10.640491485595703125 10.964350700378417969 13.082028388977050781
12.83319854736328125 12.807858467102050781 12.807858467102050781 13.809336662292480469 17.824331283569335938 17.824331283569335938 23.718893051147460938 21.93639373779296875 21.93639373779296875 24.42066192626953125 35.50701141357421875 35.50701141357421875 38.911281585693359375 37.349491119384765625 37.349491119384765625 34.079074859619140625 16.261510848999023438 16.261510848999023438 8.6535291671752929688 4.5805563926696777344 4.5805563926696777344 8.6309900283813476562 9.4285001754760742188 9.4285001754760742188 8.755046844482421875 8.1731653213500976562 8.1731653213500976562 8.33199310302734375 9.6982507705688476562 9.6982507705688476562 10.061692237854003906 9.9303226470947265625 9.9303226470947265625 9.9847707748413085938 9.5108003616333007812 9.5108003616333007812 9.261951446533203125 10.640491485595703125 10.640491485595703125 10.964350700378417969 13.082028388977050781
18.7463836669921875 16.856180191040039062 16.856180191040039062 15.079088211059570312 19.944372177124023438 19.944372177124023438 26.508754730224609375 31.47845458984375 31.47845458984375 31.500440597534179688 33.947490692138671875 33.947490692138671875 21.411489486694335938 17.197170257568359375 17.197170257568359375 15.525788307189941406 13.152614593505859375 13.152614593505859375 8.4191751480102539062 7.47367095947265625 7.47367095947265625 13.484940528869628906 8.1641397476196289062 8.1641397476196289062 8.2824382781982421875 8.7290010452270507812 8.7290010452270507812 8.6787996292114257812 9.780353546142578125 9.780353546142578125 9.7372236251831054688 9.6696615219116210938 9.6696615219116210938 9.982875823974609375 9.4886960983276367188 9.4886960983276367188 11.407817840576171875 12.588535308837890625 12.588535308837890625 13.667514801025390625 13.210429191589355469
19.823854446411132812 19.47086334228515625 19.47086334228515625 19.254436492919921875 21.5166168212890625 21.5166168212890625 23.633289337158203125 28.976324081420898438 28.976324081420898438 31.970872879028320312 37.1977386474609375 37.1977386474609375 30.459184646606445312 13.938306808471679688 13.938306808471679688 12.511820793151855469 13.60797882080078125 13.60797882080078125 5.5545396804809570312 8.7280712127685546875 8.7280712127685546875 12.570810317993164062 8.2980680465698242188 8.2980680465698242188 8.159210205078125 9.2334718704223632812 9.2334718704223632812 9.5490713119506835938 9.5742645263671875 9.5742645263671875 9.5459012985229492188 9.24976348876953125 9.24976348876953125 9.60530853271484375 11.833380699157714844 11.833380699157714844 14.115864753723144531 15.165547370910644531 15.165547370910644531 13.903630256652832031 12.856304168701171875
19.823854446411132812 19.47086334228515625 19.47086334228515625 19.254436492919921875 21.5166168212890625 21.5166168212890625 23.633289337158203125 28.976324081420898438 28.976324081420898438 31.970872879028320312 37.1977386474609375 37.1977386474609375 30.459184646606445312 13.938306808471679688 13.938306808471679688 12.511820793151855469 13.60797882080078125 13.60797882080078125 5.5545396804809570312 8.7280712127685546875 8.7280712127685546875 12.570810317993164062 8.2980680465698242188 8.2980680465698242188 8.159210205078125 9.2334718704223632812 9.2334718704223632812 9.5490713119506835938 9.5742645263671875 9.5742645263671875 9.5459012985229492188 9.24976348876953125 9.24976348876953125 9.60530853271484375 11.833380699157714844 11.833380699157714844 14.115864753723144531 15.165547370910644531 15.165547370910644531 13.903630256652832031 12.856304168701171875
15.031159400939941406 18.008832931518554688 18.008832931518554688 18.921161651611328125 19.527856826782226562 19.527856826782226562 18.668397903442382812 20.687108993530273438 20.687108993530273438 27.555139541625976562 40.8443756103515625 40.8443756103515625 56.06131744384765625 27.248971939086914062 27.248971939086914062 12.280802726745605469 10.833264350891113281 10.833264350891113281 4.7285261154174804688 8.7418575286865234375 8.7418575286865234375 9.5262422561645507812 8.5505924224853515625 8.5505924224853515625 8.0427122116088867188 9.2663583755493164062 9.2663583755493164062 9.5889711380004882812 9.488636016845703125 9.488636016845703125 9.3146810531616210938 9.5609750747680664062 9.5609750747680664062 11.765472412109375 12.744792938232421875 12.744792938232421875 15.899632453918457031 16.340106964111328125 16.340106964111328125 16.625041961669921875 13.321826934814453125
12.0370025634765625 14.410928726196289062 14.410928726196289062 16.176700592041015625 14.991664886474609375 14.991664886474609375 14.168034553527832031 16.295366287231445312 16.295366287231445312 20.749103546142578125 31.689716339111328125 31.689716339111328125 42.759059906005859375 37.78424072265625 37.78424072265625 11.902135848999023438 8.4498929977416992188 8.4498929977416992188 6.7568950653076171875 10.997935295104980469 10.997935295104980469 8.8571405410766601562 9.446292877197265625 9.446292877197265625 9.1296844482421875 8.780361175537109375 8.780361175537109375 9.3496484756469726562 9.0460729598999023438 9.0460729598999023438 9.2332944869995117188 7.8741483688354492188 7.8741483688354492188 12.1678924560546875 11.891069412231445312 11.891069412231445312 13.660532951354980469 17.228841781616210938 17.228841781616210938 20.86072540283203125 11.460638999938964844
12.0370025634765625 14.410928726196289062 14.410928726196289062 16.176700592041015625 14.991664886474609375 14.991664886474609375 14.168034553527832031 16.295366287231445312 16.295366287231445312 20.749103546142578125 31.689716339111328125 31.689716339111328125 42.759059906005859375 37.78424072265625 37.78424072265625 11.902135848999023438 8.4498929977416992188 8.4498929977416992188 6.7568950653076171875 10.997935295104980469 10.997935295104980469 8.8571405410766601562 9.446292877197265625 9.446292877197265625 9.1296844482421875 8.780361175537109375 8.780361175537109375 9.3496484756469726562 9.0460729598999023438 9.0460729598999023438 9.2332944869995117188 7.8741483688354492188 7.8741483688354492188 12.1678924560546875 11.891069412231445312 11.891069412231445312 13.660532951354980469 17.228841781616210938 17.228841781616210938 20.86072540283203125 11.460638999938964844
12.441100120544433594 13.226228713989257812 13.226228713989257812 13.31061553955078125 13.766840934753417969 13.766840934753417969 12.054325103759765625 12.776506423950195312 12.776506423950195312 16.194936752319335938 26.727182388305664062 26.727182388305664062 28.891843795776367188 23.635272979736328125 23.635272979736328125 10.772771835327148438 6.5785160064697265625 6.5785160064697265625 8.5897226333618164062 11.964598655700683594 11.964598655700683594 9.3297529220581054688 9.7828731536865234375 9.7828731536865234375 9.74053955078125 9.7108297348022460938 9.7108297348022460938 8.919139862060546875 9.5852670669555664062 9.5852670669555664062 10.586899757385253906 10.043787002563476562 10.043787002563476562 9.4045534133911132812 11.678252220153808594 11.678252220153808594 13.929294586181640625 22.166128158569335938 22.166128158569335938 15.805988311767578125 10.404444694519042969
12.426978111267089844 12.380219459533691406 12.380219459533691406 11.87233734130859375 11.717791557312011719 11.717791557312011719 11.214093208312988281 11.510066986083984375 11.510066986083984375 12.569727897644042969 17.40550994873046875 17.40550994873046875 25.74457550048828125 18.597585678100585938 18.597585678100585938 12.9215545654296875 5.5392460823059082031 5.5392460823059082031 8.85125732421875 11.4036865234375 11.4036865234375 9.6844453811645507812 9.7719030380249023438 9.7719030380249023438 9.6236104965209960938 8.8111734390258789062 8.8111734390258789062 9.0717983245849609375 9.918132781982421875 9.918132781982421875 11.172854423522949219 13.287843704223632812 13.287843704223632812 11.472418785095214844 12.409639358520507812 12.409639358520507812 18.480381011962890625 23.5719757080078125 23.5719757080078125 15.292694091796875 10.368771553039550781
12.426978111267089844 12.380219459533691406 12.380219459533691406 11.87233734130859375 11.717791557312011719 11.717791557312011719 11.214093208312988281 11.510066986083984375 11.510066986083984375 12.569727897644042969 17.40550994873046875 17.40550994873046875 25.74457550048828125 18.597585678100585938 18.597585678100585938 12.9215545654296875 5.5392460823059082031 5.5392460823059082031 8.85125732421875 11.4036865234375 11.4036865234375 9.6844453811645507812 9.7719030380249023438 9.7719030380249023438 9.6236104965209960938 8.8111734390258789062 8.8111734390258789062 9.0717983245849609375 9.918132781982421875 9.918132781982421875 11.172854423522949219 13.287843704223632812 13.287843704223632812 11.472418785095214844 12.409639358520507812 12.409639358520507812 18.480381011962890625 23.5719757080078125 23.5719757080078125 15.292694091796875 10.368771553039550781
12.080226898193359375 11.754681587219238281 11.754681587219238281 11.464665412902832031 11.515529632568359375 11.515529632568359375 11.806483268737792969 11.751949310302734375 11.751949310302734375 11.277655601501464844 11.868073463439941406 11.868073463439941406 16.850706100463867188 17.107122421264648438 17.107122421264648438 9.0271196365356445312 5.5782251358032226562 5.5782251358032226562 8.6999444961547851562 10.86334228515625 10.86334228515625 9.5995435714721679688 8.529979705810546875 8.529979705810546875 8.6262063980102539062 8.6522245407104492188 8.6522245407104492188 11.711899757385253906 10.517865180969238281 10.517865180969238281 11.761221885681152344 14.904079437255859375 14.904079437255859375 14.085068702697753906 13.416570663452148438 13.416570663452148438 15.798419952392578125 22.742557525634765625 22.742557525634765625 18.823255538940429688 11.669477462768554688
11.716016769409179688 11.267120361328125 11.267120361328125 11.495821952819824219 11.679693222045898438 11.679693222045898438 11.748217582702636719 12.319396018981933594 12.319396018981933594 13.135171890258789062 12.887956619262695312 12.887956619262695312 14.057869911193847656 14.480981826782226562 14.480981826782226562 6.8681955337524414062 7.7850489616394042969 7.7850489616394042969 13.371239662170410156 11.174182891845703125 11.174182891845703125 9.1778478622436523438 8.9113712310791015625 8.9113712310791015625 11.139641761779785156 8.9395856857299804688 8.9395856857299804688 10.2572174072265625 10.172597885131835938 10.172597885131835938 12.371409416198730469 17.332033157348632812 17.332033157348632812 18.117254257202148438 17.304727554321289062 17.304727554321289062 15.903700828552246094 16.833242416381835938 16.833242416381835938 15.886835098266601562 12.140359878540039062
11.716016769409179688 11.267120361328125 11.267120361328125 11.495821952819824219 11.679693222045898438 11.679693222045898438 11.748217582702636719 12.319396018981933594 12.319396018981933594 13.135171890258789062 12.887956619262695312 12.887956619262695312 14.057869911193847656 14.480981826782226562 14.480981826782226562 6.8681955337524414062 7.7850489616394042969 7.7850489616394042969 13.371239662170410156 11.174182891845703125 11.174182891845703125 9.1778478622436523438 8.9113712310791015625 8.9113712310791015625 11.139641761779785156 8.9395856857299804688 8.9395856857299804688 10.2572174072265625 10.172597885131835938 10.172597885131835938 12.371409416198730469 17.332033157348632812 17.332033157348632812 18.117254257202148438 17.304727554321289062 17.304727554321289062 15.903700828552246094 16.833242416381835938 16.833242416381835938 15.886835098266601562 12.140359878540039062
11.976693153381347656 11.784474372863769531 11.784474372863769531 11.66361236572265625 11.815165519714355469 11.815165519714355469 11.987018585205078125 13.231672286987304688 13.231672286987304688 13.398386955261230469 13.750768661499023438 13.750768661499023438 13.991677284240722656 13.810776710510253906 13.810776710510253906 5.8872928619384765625 8.3861169815063476562 8.3861169815063476562 9.4364557266235351562 12.545139312744140625 12.545139312744140625 11.060404777526855469 10.1676025390625 10.1676025390625 10.105809211730957031 9.4897823333740234375 9.4897823333740234375 9.8080968856811523438 11.375914573669433594 11.375914573669433594 12.044045448303222656 18.1995849609375 18.1995849609375 20.81121063232421875 21.157316207885742188 21.157316207885742188 19.272899627685546875 17.124362945556640625 17.124362945556640625 15.515933036804199219 15.845539093017578125
15.335680961608886719 12.120069503784179688 12.120069503784179688 12.288335800170898438 11.711383819580078125 11.711383819580078125 12.243689537048339844 13.419317245483398438 13.419317245483398438 14.617014884948730469 16.652814865112304688 16.652814865112304688 17.340961456298828125 10.607163429260253906 10.607163429260253906 5.7249093055725097656 8.191741943359375 8.191741943359375 8.7341794967651367188 13.921404838562011719 13.921404838562011719 10.140295982360839844 10.631254196166992188 10.631254196166992188 9.6665239334106445312 10.340526580810546875 10.340526580810546875 10.360401153564453125 10.291294097900390625 10.291294097900390625 11.526950836181640625 16.324308395385742188 16.324308395385742188 20.146936416625976562 20.69861602783203125 20.69861602783203125 22.30051422119140625 22.76367950439453125 22.76367950439453125 21.650592803955078125 19.416067123413085938
15.335680961608886719 12.120069503784179688 12.120069503784179688 12.288335800170898438 11.711383819580078125 11.711383819580078125 12.243689537048339844 13.419317245483398438 13.419317245483398438 14.617014884948730469 16.652814865112304688 16.652814865112304688 17.340961456298828125 10.607163429260253906 10.607163429260253906 5.7249093055725097656 8.191741943359375 8.191741943359375 8.7341794967651367188 13.921404838562011719 13.921404838562011719 10.140295982360839844 10.631254196166992188 10.631254196166992188 9.6665239334106445312 10.340526580810546875 10.340526580810546875 10.360401153564453125 10.291294097900390625 10.291294097900390625 11.526950836181640625 16.324308395385742188 16.324308395385742188 20.146936416625976562 20.69861602783203125 20.69861602783203125 22.30051422119140625 22.76367950439453125 22.76367950439453125 21.650592803955078125 19.416067123413085938
